    0.9952     0.4574     0.9980     0.0000     1.0000     0.0000
    0.6231     0.8632     0.4915     0.0000     0.0000     1.0000
    0.9453     0.4355     0.8902     0.0000     1.0000     0.0000
    0.4555     0.9213     0.6642     0.0000     0.0000     1.0000
    0.4220     0.9430     0.5406     0.0000     0.0000     1.0000
    0.9746     0.4640     0.9700     0.0000     1.0000     0.0000
    0.5629     0.8636     0.3868     0.0000     0.0000     1.0000
    0.6295     0.9098     0.5913     0.0000     0.0000     1.0000
    0.4363     0.9817     0.6355     0.0000     0.0000     1.0000
    0.0793     0.1010     0.1432     1.0000     0.0000     0.0000
    0.4322     0.9315     0.3830     0.0000     0.0000     1.0000
    0.4123     0.9247     0.6011     0.0000     0.0000     1.0000
    0.9513     0.5484     0.8349     0.0000     1.0000     0.0000
    0.1759     0.0267     0.0416     1.0000     0.0000     0.0000
    0.0230     0.0757     0.0309     1.0000     0.0000     0.0000
    0.5655     0.9626     0.5739     0.0000     0.0000     1.0000
    0.4219     0.9545     0.6040     0.0000     0.0000     1.0000
    0.4691     0.9951     0.4332     0.0000     0.0000     1.0000
    0.3934     0.9510     0.5091     0.0000     0.0000     1.0000
    0.8250     0.4391     0.9944     0.0000     1.0000     0.0000
    0.3694     0.9040     0.5217     0.0000     0.0000     1.0000
    0.8928     0.3594     0.9567     0.0000     1.0000     0.0000
    0.5200     0.9623     0.3947     0.0000     0.0000     1.0000
    0.5239     0.8641     0.5919     0.0000     0.0000     1.0000
    0.4826     0.9985     0.3737     0.0000     0.0000     1.0000
    0.8933     0.5477     0.8918     0.0000     1.0000     0.0000
    0.6285     0.8890     0.5752     0.0000     0.0000     1.0000
    0.4485     0.9830     0.6601     0.0000     0.0000     1.0000
    0.5502     0.9802     0.6280     0.0000     0.0000     1.0000
    0.5967     0.8781     0.5637     0.0000     0.0000     1.0000
    0.0222     0.0733     0.0926     1.0000     0.0000     0.0000
    0.3947     0.9197     0.5220     0.0000     0.0000     1.0000
    0.3337     0.9810     0.5274     0.0000     0.0000     1.0000
    0.5713     0.9591     0.3254     0.0000     0.0000     1.0000
    0.9771     0.4767     0.9285     0.0000     1.0000     0.0000
    0.4981     0.9187     0.4256     0.0000     0.0000     1.0000
    0.9445     0.4209     0.8737     0.0000     1.0000     0.0000
    0.4961     0.9128     0.3318     0.0000     0.0000     1.0000
    0.5827     0.9288     0.4036     0.0000     0.0000     1.0000
    0.1321     0.1042     0.1054     1.0000     0.0000     0.0000
    0.5362     0.8205     0.5007     0.0000     0.0000     1.0000
    0.0387     0.1145     0.0616     1.0000     0.0000     0.0000
    0.9277     0.6028     0.8851     0.0000     1.0000     0.0000
    0.9299     0.4695     0.8773     0.0000     1.0000     0.0000
    0.5554     0.9352     0.6670     0.0000     0.0000     1.0000
    0.0580     0.1257     0.0403     1.0000     0.0000     0.0000
    0.6142     0.8425     0.5424     0.0000     0.0000     1.0000
    0.6096     0.9235     0.6261     0.0000     0.0000     1.0000
    0.5932     0.8845     0.4714     0.0000     0.0000     1.0000
    0.9441     0.6023     0.9425     0.0000     1.0000     0.0000
    0.0785     0.0689     0.0723     1.0000     0.0000     0.0000
    0.6690     0.9660     0.5908     0.0000     0.0000     1.0000
    0.3704     0.9308     0.5425     0.0000     0.0000     1.0000
    0.4585     0.9312     0.5672     0.0000     0.0000     1.0000
    0.4732     0.9980     0.6976     0.0000     0.0000     1.0000
    0.9379     0.4772     0.9511     0.0000     1.0000     0.0000
    0.9395     0.3256     0.9643     0.0000     1.0000     0.0000
    0.5832     0.9185     0.6220     0.0000     0.0000     1.0000
    0.6034     0.8466     0.5571     0.0000     0.0000     1.0000
    0.0950     0.0909     0.0445     1.0000     0.0000     0.0000
    0.0955     0.0622     0.0466     1.0000     0.0000     0.0000
    0.9321     0.4474     0.9304     0.0000     1.0000     0.0000
    0.3885     0.9072     0.4895     0.0000     0.0000     1.0000
    0.4925     0.9969     0.6786     0.0000     0.0000     1.0000
    0.8968     0.3943     0.9762     0.0000     1.0000     0.0000
    0.3655     0.9111     0.4581     0.0000     0.0000     1.0000
    0.4026     0.9325     0.5836     0.0000     0.0000     1.0000
    0.3883     0.9020     0.4217     0.0000     0.0000     1.0000
    0.0173     0.1829     0.0177     1.0000     0.0000     0.0000
    0.4204     0.9831     0.3354     0.0000     0.0000     1.0000
    0.4913     0.9998     0.3309     0.0000     0.0000     1.0000
    0.6348     0.9259     0.5049     0.0000     0.0000     1.0000
    0.9237     0.5101     0.8443     0.0000     1.0000     0.0000
    0.0185     0.0119     0.0639     1.0000     0.0000     0.0000
    0.6678     0.9718     0.5100     0.0000     0.0000     1.0000
    0.9951     0.4073     0.9596     0.0000     1.0000     0.0000
    0.4407     0.8375     0.4832     0.0000     0.0000     1.0000
    0.4277     0.9192     0.4085     0.0000     0.0000     1.0000
    0.3334     0.9425     0.4854     0.0000     0.0000     1.0000
    0.5682     0.9680     0.4955     0.0000     0.0000     1.0000
    0.5934     0.8426     0.4704     0.0000     0.0000     1.0000
    0.9314     0.4989     0.8834     0.0000     1.0000     0.0000
    0.9325     0.5485     0.8275     0.0000     1.0000     0.0000
    0.4620     0.8998     0.6513     0.0000     0.0000     1.0000
    0.6799     0.9180     0.5015     0.0000     0.0000     1.0000
    0.5105     0.8438     0.5652     0.0000     0.0000     1.0000
    0.3919     0.9226     0.3703     0.0000     0.0000     1.0000
    0.9311     0.5828     0.9968     0.0000     1.0000     0.0000
    0.4154     0.9063     0.5150     0.0000     0.0000     1.0000
    0.5192     0.9923     0.3248     0.0000     0.0000     1.0000
    0.0692     0.1170     0.1082     1.0000     0.0000     0.0000
    0.1508     0.0912     0.0801     1.0000     0.0000     0.0000
    0.0944     0.0441     0.0857     1.0000     0.0000     0.0000
    0.3176     0.9741     0.4354     0.0000     0.0000     1.0000
    0.0027     0.0355     0.0182     1.0000     0.0000     0.0000
    0.8329     0.4673     0.8985     0.0000     1.0000     0.0000
    0.0443     0.1610     0.0775     1.0000     0.0000     0.0000
    0.8767     0.4826     0.9714     0.0000     1.0000     0.0000
    0.9291     0.3626     0.9758     0.0000     1.0000     0.0000
    0.4864     0.9159     0.3463     0.0000     0.0000     1.0000
    0.3079     0.9561     0.4664     0.0000     0.0000     1.0000
    0.9454     0.4620     0.9859     0.0000     1.0000     0.0000
    0.4270     0.8637     0.3788     0.0000     0.0000     1.0000
    0.9604     0.5380     0.9810     0.0000     1.0000     0.0000
    0.3282     0.9187     0.4462     0.0000     0.0000     1.0000
    0.9308     0.4892     0.8681     0.0000     1.0000     0.0000
    0.5090     0.9443     0.6148     0.0000     0.0000     1.0000
    0.9194     0.5464     0.8853     0.0000     1.0000     0.0000
    0.9320     0.5873     0.9908     0.0000     1.0000     0.0000
    0.0484     0.1862     0.0026     1.0000     0.0000     0.0000
    0.5888     0.9679     0.5990     0.0000     0.0000     1.0000
    0.5208     0.9119     0.5028     0.0000     0.0000     1.0000
    0.0698     0.0916     0.0240     1.0000     0.0000     0.0000
    0.5225     0.8820     0.5137     0.0000     0.0000     1.0000
    0.3404     0.9288     0.5571     0.0000     0.0000     1.0000
    0.9603     0.4475     0.8329     0.0000     1.0000     0.0000
    0.8619     0.3906     0.9671     0.0000     1.0000     0.0000
    0.5041     0.9006     0.5391     0.0000     0.0000     1.0000
    0.5280     0.8358     0.5715     0.0000     0.0000     1.0000
    0.0919     0.0584     0.0660     1.0000     0.0000     0.0000
    0.5389     0.8968     0.5945     0.0000     0.0000     1.0000
    0.6190     0.9013     0.4119     0.0000     0.0000     1.0000
    0.9745     0.3556     0.9041     0.0000     1.0000     0.0000
    0.4766     0.9209     0.5464     0.0000     0.0000     1.0000
    0.5448     0.8699     0.6149     0.0000     0.0000     1.0000
    0.5732     0.9067     0.4411     0.0000     0.0000     1.0000
    0.3376     0.9749     0.4404     0.0000     0.0000     1.0000
    0.9645     0.4625     0.8338     0.0000     1.0000     0.0000
    0.9319     0.4252     0.9752     0.0000     1.0000     0.0000
    0.3488     0.9598     0.5936     0.0000     0.0000     1.0000
    0.9167     0.5609     0.8589     0.0000     1.0000     0.0000
    0.5950     0.9976     0.6194     0.0000     0.0000     1.0000
    0.1518     0.0021     0.0319     1.0000     0.0000     0.0000
    0.4129     0.8748     0.4410     0.0000     0.0000     1.0000
    0.3927     0.9309     0.6437     0.0000     0.0000     1.0000
    0.0791     0.0563     0.0386     1.0000     0.0000     0.0000
    0.6390     0.9284     0.4393     0.0000     0.0000     1.0000
    0.6144     0.9019     0.4209     0.0000     0.0000     1.0000
    0.4729     0.9150     0.3250     0.0000     0.0000     1.0000
    0.6608     0.9605     0.3987     0.0000     0.0000     1.0000
    0.4774     0.9261     0.4057     0.0000     0.0000     1.0000
    0.4147     0.9502     0.3358     0.0000     0.0000     1.0000
    0.5940     0.9843     0.3294     0.0000     0.0000     1.0000
    0.0389     0.0758     0.0481     1.0000     0.0000     0.0000
    0.3731     0.9413     0.4384     0.0000     0.0000     1.0000
    0.9736     0.5886     0.8341     0.0000     1.0000     0.0000
    0.6149     0.8552     0.4830     0.0000     0.0000     1.0000
    0.5262     0.8752     0.3695     0.0000     0.0000     1.0000
    0.6232     0.8534     0.4954     0.0000     0.0000     1.0000
    0.9279     0.5557     0.8272     0.0000     1.0000     0.0000
    0.0397     0.1086     0.0311     1.0000     0.0000     0.0000
    0.0941     0.1021     0.0400     1.0000     0.0000     0.0000
    0.4109     0.9044     0.5693     0.0000     0.0000     1.0000
    0.9857     0.5470     0.9081     0.0000     1.0000     0.0000
    0.9741     0.5621     0.9140     0.0000     1.0000     0.0000
    0.0065     0.0673     0.1820     1.0000     0.0000     0.0000
    0.3769     0.9977     0.4010     0.0000     0.0000     1.0000
    0.4915     0.8684     0.5266     0.0000     0.0000     1.0000
    0.4913     0.9926     0.6068     0.0000     0.0000     1.0000
    0.5505     0.9271     0.6503     0.0000     0.0000     1.0000
    0.4843     0.9373     0.3921     0.0000     0.0000     1.0000
    0.5764     0.9637     0.3390     0.0000     0.0000     1.0000
    0.0330     0.0054     0.1905     1.0000     0.0000     0.0000
    0.3784     0.9033     0.5634     0.0000     0.0000     1.0000
    0.8784     0.5907     0.9354     0.0000     1.0000     0.0000
    0.9982     0.4862     0.8959     0.0000     1.0000     0.0000
    0.0578     0.1184     0.0663     1.0000     0.0000     0.0000
    0.0145     0.1052     0.1176     1.0000     0.0000     0.0000
    0.1882     0.0448     0.0097     1.0000     0.0000     0.0000
    0.8957     0.5597     0.8958     0.0000     1.0000     0.0000
    0.4655     0.9857     0.6710     0.0000     0.0000     1.0000
    0.0056     0.1340     0.1455     1.0000     0.0000     0.0000
    0.5540     0.8688     0.4158     0.0000     0.0000     1.0000
    0.8618     0.6398     0.9630     0.0000     1.0000     0.0000
    0.6093     0.9639     0.4792     0.0000     0.0000     1.0000
    0.9593     0.4750     0.8439     0.0000     1.0000     0.0000
    0.4836     0.9190     0.6519     0.0000     0.0000     1.0000
    0.5242     0.9102     0.4561     0.0000     0.0000     1.0000
    0.6716     0.9113     0.5296     0.0000     0.0000     1.0000
    0.9477     0.4866     0.9852     0.0000     1.0000     0.0000
    0.8916     0.6046     0.8936     0.0000     1.0000     0.0000
    0.5891     0.9587     0.3968     0.0000     0.0000     1.0000
    0.4913     0.9756     0.5807     0.0000     0.0000     1.0000
    0.9676     0.5708     0.8584     0.0000     1.0000     0.0000
    0.6158     0.9957     0.6444     0.0000     0.0000     1.0000
    0.9926     0.5855     0.8310     0.0000     1.0000     0.0000
    0.1187     0.0772     0.1305     1.0000     0.0000     0.0000
    0.9850     0.6173     0.8763     0.0000     1.0000     0.0000
    0.9309     0.5406     0.9677     0.0000     1.0000     0.0000
    0.8968     0.4707     0.9947     0.0000     1.0000     0.0000
    0.0390     0.0578     0.0945     1.0000     0.0000     0.0000
    0.0389     0.0870     0.0493     1.0000     0.0000     0.0000
    0.4591     0.9893     0.6699     0.0000     0.0000     1.0000
    0.8471     0.4554     0.9955     0.0000     1.0000     0.0000
    0.1608     0.0916     0.0345     1.0000     0.0000     0.0000
    0.9793     0.5988     0.8653     0.0000     1.0000     0.0000
    0.5608     0.8670     0.4501     0.0000     0.0000     1.0000
    0.1647     0.0074     0.0290     1.0000     0.0000     0.0000
    0.4994     0.9340     0.5792     0.0000     0.0000     1.0000
    0.5656     0.9931     0.6696     0.0000     0.0000     1.0000
