    0.0793     0.1010     0.1432     1.0000     0.0000     0.0000
    0.9513     0.5484     0.8349     0.0000     1.0000     0.0000
    0.5655     0.9626     0.5739     0.0000     0.0000     1.0000
    0.0222     0.0733     0.0926     1.0000     0.0000     0.0000
    0.9771     0.4767     0.9285     0.0000     1.0000     0.0000
    0.4981     0.9187     0.4256     0.0000     0.0000     1.0000
    0.1321     0.1042     0.1054     1.0000     0.0000     0.0000
    0.9277     0.6028     0.8851     0.0000     1.0000     0.0000
    0.5554     0.9352     0.6670     0.0000     0.0000     1.0000
    0.0580     0.1257     0.0403     1.0000     0.0000     0.0000
    0.9441     0.6023     0.9425     0.0000     1.0000     0.0000
    0.6690     0.9660     0.5908     0.0000     0.0000     1.0000
    0.0950     0.0909     0.0445     1.0000     0.0000     0.0000
    0.9321     0.4474     0.9304     0.0000     1.0000     0.0000
    0.3885     0.9072     0.4895     0.0000     0.0000     1.0000
    0.0173     0.1829     0.0177     1.0000     0.0000     0.0000
    0.9237     0.5101     0.8443     0.0000     1.0000     0.0000
    0.6678     0.9718     0.5100     0.0000     0.0000     1.0000
    0.0692     0.1170     0.1082     1.0000     0.0000     0.0000
    0.8329     0.4673     0.8985     0.0000     1.0000     0.0000
    0.4864     0.9159     0.3463     0.0000     0.0000     1.0000
    0.0484     0.1862     0.0026     1.0000     0.0000     0.0000
    0.9603     0.4475     0.8329     0.0000     1.0000     0.0000
    0.5041     0.9006     0.5391     0.0000     0.0000     1.0000
    0.0919     0.0584     0.0660     1.0000     0.0000     0.0000
    0.9745     0.3556     0.9041     0.0000     1.0000     0.0000
    0.4766     0.9209     0.5464     0.0000     0.0000     1.0000
    0.1518     0.0021     0.0319     1.0000     0.0000     0.0000
    0.9736     0.5886     0.8341     0.0000     1.0000     0.0000
    0.6149     0.8552     0.4830     0.0000     0.0000     1.0000
    0.0397     0.1086     0.0311     1.0000     0.0000     0.0000
    0.9857     0.5470     0.9081     0.0000     1.0000     0.0000
    0.3769     0.9977     0.4010     0.0000     0.0000     1.0000
    0.0330     0.0054     0.1905     1.0000     0.0000     0.0000
    0.8784     0.5907     0.9354     0.0000     1.0000     0.0000
    0.4655     0.9857     0.6710     0.0000     0.0000     1.0000
    0.0056     0.1340     0.1455     1.0000     0.0000     0.0000
    0.8618     0.6398     0.9630     0.0000     1.0000     0.0000
    0.6093     0.9639     0.4792     0.0000     0.0000     1.0000
    0.1187     0.0772     0.1305     1.0000     0.0000     0.0000
    0.9850     0.6173     0.8763     0.0000     1.0000     0.0000
    0.4591     0.9893     0.6699     0.0000     0.0000     1.0000
    0.1608     0.0916     0.0345     1.0000     0.0000     0.0000
    0.9793     0.5988     0.8653     0.0000     1.0000     0.0000
    0.5608     0.8670     0.4501     0.0000     0.0000     1.0000
    0.1647     0.0074     0.0290     1.0000     0.0000     0.0000
    0.8596     0.4666     0.9999     0.0000     1.0000     0.0000
    0.5875     0.9990     0.4033     0.0000     0.0000     1.0000
    0.0529     0.0146     0.0904     1.0000     0.0000     0.0000
    0.9311     0.4630     0.8430     0.0000     1.0000     0.0000
    0.4844     0.9348     0.6649     0.0000     0.0000     1.0000
    0.1360     0.1129     0.0176     1.0000     0.0000     0.0000
    0.9448     0.5949     0.9944     0.0000     1.0000     0.0000
    0.5836     0.8713     0.5529     0.0000     0.0000     1.0000
    0.0463     0.0035     0.1659     1.0000     0.0000     0.0000
    0.9733     0.5385     0.9096     0.0000     1.0000     0.0000
    0.5418     0.8971     0.4099     0.0000     0.0000     1.0000
    0.0203     0.0552     0.0097     1.0000     0.0000     0.0000
    0.9599     0.3989     0.8645     0.0000     1.0000     0.0000
    0.5124     0.9353     0.5627     0.0000     0.0000     1.0000
    0.1642     0.0402     0.0024     1.0000     0.0000     0.0000
    0.9408     0.5691     0.9025     0.0000     1.0000     0.0000
    0.6704     0.9401     0.4838     0.0000     0.0000     1.0000
    0.0149     0.0124     0.0206     1.0000     0.0000     0.0000
    0.9528     0.4628     0.8203     0.0000     1.0000     0.0000
    0.5651     0.8774     0.4693     0.0000     0.0000     1.0000
    0.0708     0.1580     0.0077     1.0000     0.0000     0.0000
    0.9450     0.4224     0.9832     0.0000     1.0000     0.0000
    0.6354     0.9389     0.5256     0.0000     0.0000     1.0000
    0.0481     0.1352     0.0793     1.0000     0.0000     0.0000
    0.9648     0.4756     0.9864     0.0000     1.0000     0.0000
    0.4789     0.8358     0.5681     0.0000     0.0000     1.0000
    0.0735     0.1773     0.0145     1.0000     0.0000     0.0000
    0.8775     0.5069     0.9482     0.0000     1.0000     0.0000
    0.4079     0.9594     0.4362     0.0000     0.0000     1.0000
    0.0795     0.1260     0.1199     1.0000     0.0000     0.0000
    0.9509     0.5659     0.8496     0.0000     1.0000     0.0000
    0.4718     0.8773     0.6423     0.0000     0.0000     1.0000
    0.0386     0.0193     0.1307     1.0000     0.0000     0.0000
    0.9797     0.5637     0.8744     0.0000     1.0000     0.0000
    0.4177     0.9353     0.5809     0.0000     0.0000     1.0000
    0.1491     0.0535     0.0833     1.0000     0.0000     0.0000
    0.9876     0.5439     0.9988     0.0000     1.0000     0.0000
    0.5090     0.8670     0.3850     0.0000     0.0000     1.0000
    0.0350     0.1629     0.0750     1.0000     0.0000     0.0000
    0.9545     0.4194     0.9620     0.0000     1.0000     0.0000
    0.5720     0.9705     0.3298     0.0000     0.0000     1.0000
    0.0551     0.1767     0.0566     1.0000     0.0000     0.0000
    0.8703     0.5394     0.9632     0.0000     1.0000     0.0000
    0.5095     0.9938     0.6891     0.0000     0.0000     1.0000
    0.1644     0.0151     0.0476     1.0000     0.0000     0.0000
    0.9159     0.3932     0.8860     0.0000     1.0000     0.0000
    0.4248     0.9088     0.4635     0.0000     0.0000     1.0000
    0.0192     0.0246     0.1897     1.0000     0.0000     0.0000
    0.9242     0.5010     0.8359     0.0000     1.0000     0.0000
    0.5377     0.8987     0.4152     0.0000     0.0000     1.0000
    0.1341     0.0302     0.0527     1.0000     0.0000     0.0000
    0.9117     0.6397     0.9634     0.0000     1.0000     0.0000
    0.5712     0.9625     0.5919     0.0000     0.0000     1.0000
    0.1041     0.0259     0.0319     1.0000     0.0000     0.0000
    0.9761     0.6366     0.8676     0.0000     1.0000     0.0000
    0.5714     0.9539     0.6212     0.0000     0.0000     1.0000
    0.1690     0.0624     0.0594     1.0000     0.0000     0.0000
    0.9519     0.6245     0.9201     0.0000     1.0000     0.0000
    0.5756     0.9712     0.4902     0.0000     0.0000     1.0000
    0.1611     0.0408     0.1102     1.0000     0.0000     0.0000
    0.8981     0.5613     0.9850     0.0000     1.0000     0.0000
    0.5068     0.9136     0.5284     0.0000     0.0000     1.0000
    0.1313     0.0072     0.1304     1.0000     0.0000     0.0000
    0.9645     0.3120     0.9793     0.0000     1.0000     0.0000
    0.3941     0.9423     0.6027     0.0000     0.0000     1.0000
    0.0855     0.1326     0.0722     1.0000     0.0000     0.0000
    0.9710     0.3526     0.9360     0.0000     1.0000     0.0000
    0.5459     0.9048     0.4972     0.0000     0.0000     1.0000
    0.0280     0.1593     0.1139     1.0000     0.0000     0.0000
    0.9976     0.3969     0.9614     0.0000     1.0000     0.0000
    0.4062     0.9236     0.5825     0.0000     0.0000     1.0000
    0.1346     0.0407     0.0762     1.0000     0.0000     0.0000
    0.9951     0.4754     0.8310     0.0000     1.0000     0.0000
    0.4858     0.9670     0.5029     0.0000     0.0000     1.0000
    0.0089     0.0516     0.0581     1.0000     0.0000     0.0000
    0.8695     0.6430     0.9729     0.0000     1.0000     0.0000
    0.6578     0.9848     0.5742     0.0000     0.0000     1.0000
    0.1269     0.1321     0.0606     1.0000     0.0000     0.0000
    0.9315     0.5336     0.9970     0.0000     1.0000     0.0000
    0.6008     0.9381     0.6559     0.0000     0.0000     1.0000
    0.1221     0.0384     0.0621     1.0000     0.0000     0.0000
    0.8822     0.4393     0.9903     0.0000     1.0000     0.0000
    0.5305     0.9310     0.3901     0.0000     0.0000     1.0000
    0.1790     0.0672     0.0158     1.0000     0.0000     0.0000
    0.9333     0.4969     0.9348     0.0000     1.0000     0.0000
    0.3254     0.9511     0.4338     0.0000     0.0000     1.0000
    0.1158     0.0054     0.1101     1.0000     0.0000     0.0000
    0.8683     0.6139     0.9661     0.0000     1.0000     0.0000
    0.4337     0.8787     0.4348     0.0000     0.0000     1.0000
    0.0379     0.0815     0.1635     1.0000     0.0000     0.0000
    0.9695     0.4794     0.8272     0.0000     1.0000     0.0000
    0.5676     0.9330     0.6173     0.0000     0.0000     1.0000
    0.0072     0.0558     0.0487     1.0000     0.0000     0.0000
    0.9072     0.4360     0.9539     0.0000     1.0000     0.0000
    0.5569     0.9306     0.5565     0.0000     0.0000     1.0000
    0.0741     0.1465     0.0968     1.0000     0.0000     0.0000
    0.9898     0.4024     0.8483     0.0000     1.0000     0.0000
    0.4890     0.8302     0.5179     0.0000     0.0000     1.0000
    0.0173     0.0993     0.0584     1.0000     0.0000     0.0000
    0.9830     0.5505     0.8919     0.0000     1.0000     0.0000
    0.5278     0.8740     0.6212     0.0000     0.0000     1.0000
    0.0525     0.1162     0.0527     1.0000     0.0000     0.0000
    0.9727     0.4040     0.9779     0.0000     1.0000     0.0000
    0.5012     0.9490     0.4290     0.0000     0.0000     1.0000
    0.1508     0.1079     0.0439     1.0000     0.0000     0.0000
    0.9812     0.5389     0.8666     0.0000     1.0000     0.0000
    0.5270     0.9415     0.5189     0.0000     0.0000     1.0000
    0.0493     0.1631     0.0114     1.0000     0.0000     0.0000
    0.8274     0.4602     0.9863     0.0000     1.0000     0.0000
    0.4050     0.9284     0.3464     0.0000     0.0000     1.0000
    0.0789     0.0531     0.0401     1.0000     0.0000     0.0000
    0.9531     0.5437     0.8984     0.0000     1.0000     0.0000
    0.4636     0.9642     0.3710     0.0000     0.0000     1.0000
    0.0842     0.1445     0.0361     1.0000     0.0000     0.0000
    0.8864     0.5877     0.9539     0.0000     1.0000     0.0000
    0.4148     0.9432     0.3568     0.0000     0.0000     1.0000
    0.0149     0.1096     0.0387     1.0000     0.0000     0.0000
    0.8683     0.3932     0.9814     0.0000     1.0000     0.0000
    0.5920     0.8550     0.5366     0.0000     0.0000     1.0000
    0.0065     0.1546     0.0145     1.0000     0.0000     0.0000
    0.9403     0.3710     0.9893     0.0000     1.0000     0.0000
    0.4155     0.9774     0.4546     0.0000     0.0000     1.0000
    0.0705     0.1521     0.0882     1.0000     0.0000     0.0000
    0.9984     0.4433     0.8136     0.0000     1.0000     0.0000
    0.5378     0.8859     0.5787     0.0000     0.0000     1.0000
    0.0960     0.0114     0.0550     1.0000     0.0000     0.0000
    0.8901     0.6497     0.9371     0.0000     1.0000     0.0000
    0.5394     0.9398     0.6715     0.0000     0.0000     1.0000
    0.0257     0.0526     0.1358     1.0000     0.0000     0.0000
    0.8890     0.3694     0.9255     0.0000     1.0000     0.0000
    0.4936     0.8961     0.4200     0.0000     0.0000     1.0000
    0.0906     0.0434     0.0350     1.0000     0.0000     0.0000
    0.9736     0.5273     0.9015     0.0000     1.0000     0.0000
    0.4047     0.8607     0.5664     0.0000     0.0000     1.0000
    0.0201     0.0416     0.0183     1.0000     0.0000     0.0000
    0.8321     0.5986     0.9579     0.0000     1.0000     0.0000
    0.3807     0.9605     0.4821     0.0000     0.0000     1.0000
    0.0385     0.1086     0.0036     1.0000     0.0000     0.0000
    0.9005     0.5452     0.9977     0.0000     1.0000     0.0000
    0.4902     0.9257     0.6347     0.0000     0.0000     1.0000
    0.0010     0.1665     0.0591     1.0000     0.0000     0.0000
    0.9966     0.4950     0.8971     0.0000     1.0000     0.0000
    0.4888     0.9552     0.5927     0.0000     0.0000     1.0000
    0.1756     0.0400     0.0629     1.0000     0.0000     0.0000
    0.8777     0.5550     0.9777     0.0000     1.0000     0.0000
    0.4551     0.8271     0.5896     0.0000     0.0000     1.0000
    0.1223     0.0569     0.0236     1.0000     0.0000     0.0000
    0.8692     0.5014     0.8701     0.0000     1.0000     0.0000
    0.4230     0.9861     0.5232     0.0000     0.0000     1.0000
    0.0432     0.1590     0.0742     1.0000     0.0000     0.0000
    0.8518     0.5478     0.9330     0.0000     1.0000     0.0000
    0.3641     0.9716     0.6320     0.0000     0.0000     1.0000
    0.0798     0.0740     0.1345     1.0000     0.0000     0.0000
    0.9450     0.4341     0.9345     0.0000     1.0000     0.0000
